0	0.707076	0.706552
0.01	1.41406	1.41203
0.02	2.12094	2.11643
0.03	2.82773	2.81975
0.04	3.53443	3.522
0.05	4.24103	4.22318
0.06	4.94753	4.92328
0.07	5.65394	5.6223
0.08	6.36026	6.32025
0.09	7.06648	7.01712
0.1	7.77261	7.71292
0.11	8.47864	8.40765
0.12	9.18457	9.1013
0.13	9.89041	9.79388
0.14	10.5962	10.4854
0.15	11.3018	11.1758
0.16	12.0074	11.8652
0.17	12.7128	12.5535
0.18	13.4182	13.2407
0.19	14.1235	13.9268
0.2	14.8287	14.6119
0.21	15.5337	15.2959
0.22	16.2387	15.9788
0.23	16.9436	16.6606
0.24	17.6484	17.3414
0.25	18.3531	18.0211
0.26	19.0578	18.6997
0.27	19.7623	19.3773
0.28	20.4667	20.0538
0.29	21.171	20.7292
0.3	21.8753	21.4035
0.31	22.5794	22.0768
0.32	23.2835	22.749
0.33	23.9874	23.4201
0.34	24.6913	24.0902
0.35	25.395	24.7592
0.36	26.0987	25.4271
0.37	26.8023	26.094
0.38	27.5058	26.7598
0.39	28.2092	27.4245
0.4	28.9125	28.0881
0.41	29.6157	28.7507
0.42	30.3188	29.4122
0.43	31.0218	30.0726
0.44	31.7247	30.732
0.45	32.4275	31.3903
0.46	33.1303	32.0475
0.47	33.8329	32.7037
0.48	34.5355	33.3588
0.49	35.2379	34.0128
0.5	35.9403	34.6657
0.51	36.6425	35.3176
0.52	37.3447	35.9684
0.53	38.0468	36.6182
0.54	38.7488	37.2669
0.55	39.4507	37.9145
0.56	40.1525	38.561
0.57	40.8542	39.2065
0.58	41.5558	39.8509
0.59	42.2573	40.4943
0.6	42.9587	41.1366
0.61	43.6601	41.7778
0.62	44.3613	42.4179
0.63	45.0625	43.057
0.64	45.7635	43.695
0.65	46.4645	44.332
0.66	47.1654	44.9679
0.67	47.8661	45.6027
0.68	48.5668	46.2365
0.69	49.2674	46.8692
0.7	49.9679	47.5008
0.71	50.6683	48.1314
0.72	51.3686	48.7609
0.73	52.0688	49.3893
0.74	52.769	50.0167
0.75	53.469	50.643
0.76	54.1689	51.2682
0.77	54.8688	51.8924
0.78	55.5685	52.5155
0.79	56.2682	53.1376
0.8	56.9678	53.7586
0.81	57.6673	54.3785
0.82	58.3666	54.9974
0.83	59.0659	55.6152
0.84	59.7651	56.2319
0.85	60.4642	56.8476
0.86	61.1633	57.4622
0.87	61.8622	58.0757
0.88	62.561	58.6882
0.89	63.2598	59.2997
0.9	63.9584	59.91
0.91	64.657	60.5193
0.92	65.3554	61.1276
0.93	66.0538	61.7348
0.94	66.7521	62.3409
0.95	67.4503	62.9459
0.96	68.1484	63.5499
0.97	68.8464	64.1529
0.98	69.5443	64.7548
0.99	70.2421	65.3556
1	70.9398	65.9553
1.01	71.6375	66.554
1.02	72.335	67.1517
1.03	73.0325	67.7483
1.04	73.7298	68.3438
1.05	74.4271	68.9382
1.06	75.1243	69.5316
1.07	75.8213	70.124
1.08	76.5183	70.7153
1.09	77.2152	71.3055
1.1	77.9121	71.8947
1.11	78.6088	72.4828
1.12	79.3054	73.0698
1.13	80.0019	73.6558
1.14	80.6984	74.2408
1.15	81.3947	74.8246
1.16	82.091	75.4075
1.17	82.7872	75.9892
1.18	83.4832	76.5699
1.19	84.1792	77.1496
1.2	84.8751	77.7282
1.21	85.5709	78.3057
1.22	86.2667	78.8822
1.23	86.9623	79.4576
1.24	87.6578	80.032
1.25	88.3533	80.6053
1.26	89.0486	81.1775
1.27	89.7439	81.7487
1.28	90.439	82.3189
1.29	91.1341	82.888
1.3	91.8291	83.456
1.31	92.524	84.023
1.32	93.2188	84.5889
1.33	93.9135	85.1538
1.34	94.6081	85.7176
1.35	95.3027	86.2803
1.36	95.9971	86.842
1.37	96.6915	87.4027
1.38	97.3857	87.9623
1.39	98.0799	88.5208
1.4	98.774	89.0783
1.41	99.468	89.6347
1.42	100.162	90.1901
1.43	100.856	90.7444
1.44	101.549	91.2977
1.45	102.243	91.8499
1.46	102.937	92.4011
1.47	103.63	92.9512
1.48	104.323	93.5003
1.49	105.017	94.0483
1.5	105.71	94.5953
1.51	106.403	95.1412
1.52	107.096	95.686
1.53	107.789	96.2298
1.54	108.482	96.7726
1.55	109.174	97.3143
1.56	109.867	97.8549
1.57	110.559	98.3945
1.58	111.252	98.933
1.59	111.944	99.4705
1.6	112.637	100.007
1.61	113.329	100.542
1.62	114.021	101.077
1.63	114.713	101.61
1.64	115.405	102.142
1.65	116.097	102.673
1.66	116.788	103.204
1.67	117.48	103.733
1.68	118.172	104.261
1.69	118.863	104.788
1.7	119.554	105.314
1.71	120.246	105.839
1.72	120.937	106.362
1.73	121.628	106.885
1.74	122.319	107.407
1.75	123.01	107.928
1.76	123.701	108.447
1.77	124.391	108.966
1.78	125.082	109.483
1.79	125.773	110
1.8	126.463	110.515
1.81	127.154	111.03
1.82	127.844	111.543
1.83	128.534	112.055
1.84	129.224	112.567
1.85	129.914	113.077
1.86	130.604	113.586
1.87	131.294	114.094
1.88	131.984	114.601
1.89	132.674	115.107
1.9	133.363	115.612
1.91	134.053	116.116
1.92	134.742	116.619
1.93	135.431	117.121
1.94	136.121	117.622
1.95	136.81	118.122
1.96	137.499	118.62
1.97	138.188	119.118
1.98	138.877	119.615
1.99	139.565	120.11
2	140.254	120.605
2.01	140.943	121.098
2.02	141.631	121.591
2.03	142.32	122.082
2.04	143.008	122.572
2.05	143.696	123.062
2.06	144.384	123.55
2.07	145.073	124.037
2.08	145.761	124.523
2.09	146.448	125.009
2.1	147.136	125.493
2.11	147.824	125.976
2.12	148.512	126.458
2.13	149.199	126.939
2.14	149.887	127.419
2.15	150.574	127.898
2.16	151.261	128.375
2.17	151.948	128.852
2.18	152.636	129.328
2.19	153.323	129.803
2.2	154.01	130.276
2.21	154.696	130.749
2.22	155.383	131.221
2.23	156.07	131.691
2.24	156.756	132.161
2.25	157.443	132.629
2.26	158.129	133.096
2.27	158.816	133.563
2.28	159.502	134.028
2.29	160.188	134.492
2.3	160.874	134.956
2.31	161.56	135.418
2.32	162.246	135.879
2.33	162.932	136.339
2.34	163.617	136.798
2.35	164.303	137.256
2.36	164.988	137.713
2.37	165.674	138.169
2.38	166.359	138.624
2.39	167.045	139.078
2.4	167.73	139.531
2.41	168.415	139.983
2.42	169.1	140.434
2.43	169.785	140.884
2.44	170.47	141.332
2.45	171.154	141.78
2.46	171.839	142.227
2.47	172.523	142.672
2.48	173.208	143.117
2.49	173.892	143.56
2.5	174.577	144.003
2.51	175.261	144.444
2.52	175.945	144.885
2.53	176.629	145.324
2.54	177.313	145.762
2.55	177.997	146.2
2.56	178.681	146.636
2.57	179.364	147.071
2.58	180.048	147.505
2.59	180.731	147.938
2.6	181.415	148.37
2.61	182.098	148.802
2.62	182.781	149.232
2.63	183.465	149.661
2.64	184.148	150.089
2.65	184.831	150.516
2.66	185.514	150.941
2.67	186.196	151.366
2.68	186.879	151.79
2.69	187.562	152.213
2.7	188.244	152.635
2.71	188.927	153.055
2.72	189.609	153.475
2.73	190.292	153.894
2.74	190.974	154.311
2.75	191.656	154.728
2.76	192.338	155.144
2.77	193.02	155.558
2.78	193.702	155.972
2.79	194.384	156.384
2.8	195.065	156.795
2.81	195.747	157.206
2.82	196.428	157.615
2.83	197.11	158.024
2.84	197.791	158.431
2.85	198.472	158.837
2.86	199.154	159.242
2.87	199.835	159.647
2.88	200.516	160.05
2.89	201.197	160.452
2.9	201.877	160.853
2.91	202.558	161.253
2.92	203.239	161.652
2.93	203.919	162.05
2.94	204.6	162.447
2.95	205.28	162.843
2.96	205.961	163.238
2.97	206.641	163.632
2.98	207.321	164.025
2.99	208.001	164.416
3	208.681	164.807
3.01	209.361	165.197
3.02	210.041	165.586
3.03	210.721	165.973
3.04	211.4	166.36
3.05	212.08	166.746
3.06	212.759	167.13
3.07	213.439	167.514
3.08	214.118	167.896
3.09	214.797	168.278
3.1	215.476	168.659
3.11	216.155	169.038
3.12	216.834	169.416
3.13	217.513	169.794
3.14	218.192	170.17
3.15	218.87	170.546
3.16	219.549	170.92
3.17	220.228	171.293
3.18	220.906	171.665
3.19	221.584	172.037
3.2	222.263	172.407
3.21	222.941	172.776
3.22	223.619	173.144
3.23	224.297	173.511
3.24	224.975	173.877
3.25	225.653	174.243
3.26	226.33	174.607
3.27	227.008	174.97
3.28	227.686	175.332
3.29	228.363	175.693
3.3	229.041	176.053
3.31	229.718	176.411
3.32	230.395	176.769
3.33	231.072	177.126
3.34	231.749	177.482
3.35	232.426	177.837
3.36	233.103	178.191
3.37	233.78	178.543
3.38	234.457	178.895
3.39	235.133	179.246
3.4	235.81	179.596
3.41	236.487	179.944
3.42	237.163	180.292
3.43	237.839	180.639
3.44	238.515	180.984
3.45	239.192	181.329
3.46	239.868	181.672
3.47	240.544	182.015
3.48	241.22	182.356
3.49	241.895	182.697
3.5	242.571	183.036
3.51	243.247	183.375
3.52	243.922	183.712
3.53	244.598	184.048
3.54	245.273	184.384
3.55	245.948	184.718
3.56	246.624	185.051
3.57	247.299	185.384
3.58	247.974	185.715
3.59	248.649	186.045
3.6	249.324	186.374
3.61	249.998	186.703
3.62	250.673	187.03
3.63	251.348	187.356
3.64	252.022	187.681
3.65	252.697	188.005
3.66	253.371	188.328
3.67	254.045	188.65
3.68	254.72	188.971
3.69	255.394	189.291
3.7	256.068	189.61
3.71	256.742	189.928
3.72	257.416	190.245
3.73	258.089	190.561
3.74	258.763	190.876
3.75	259.437	191.19
3.76	260.11	191.503
3.77	260.784	191.815
3.78	261.457	192.126
3.79	262.13	192.436
3.8	262.803	192.744
3.81	263.477	193.052
3.82	264.15	193.359
3.83	264.823	193.665
3.84	265.495	193.969
3.85	266.168	194.273
3.86	266.841	194.576
3.87	267.514	194.878
3.88	268.186	195.178
3.89	268.858	195.478
3.9	269.531	195.776
3.91	270.203	196.074
3.92	270.875	196.371
3.93	271.547	196.666
3.94	272.219	196.961
3.95	272.891	197.254
3.96	273.563	197.547
3.97	274.235	197.838
3.98	274.907	198.129
3.99	275.578	198.418
4	276.25	198.707
4.01	276.921	198.994
4.02	277.593	199.281
4.03	278.264	199.566
4.04	278.935	199.85
4.05	279.606	200.134
4.06	280.277	200.416
4.07	280.948	200.697
4.08	281.619	200.978
4.09	282.29	201.257
4.1	282.961	201.535
4.11	283.631	201.813
4.12	284.302	202.089
4.13	284.972	202.364
4.14	285.643	202.638
4.15	286.313	202.911
4.16	286.983	203.184
4.17	287.653	203.455
4.18	288.323	203.725
4.19	288.993	203.994
4.2	289.663	204.262
4.21	290.333	204.529
4.22	291.003	204.796
4.23	291.672	205.061
4.24	292.342	205.325
4.25	293.011	205.588
4.26	293.681	205.85
4.27	294.35	206.111
4.28	295.019	206.371
4.29	295.688	206.63
4.3	296.357	206.888
4.31	297.026	207.145
4.32	297.695	207.401
4.33	298.364	207.656
4.34	299.033	207.91
4.35	299.701	208.163
4.36	300.37	208.415
4.37	301.038	208.666
4.38	301.707	208.916
4.39	302.375	209.164
4.4	303.043	209.412
4.41	303.711	209.659
4.42	304.379	209.905
4.43	305.047	210.15
4.44	305.715	210.394
4.45	306.383	210.637
4.46	307.051	210.878
4.47	307.718	211.119
4.48	308.386	211.359
4.49	309.053	211.598
4.5	309.721	211.836
4.51	310.388	212.072
4.52	311.055	212.308
4.53	311.723	212.543
4.54	312.39	212.777
4.55	313.057	213.009
4.56	313.724	213.241
4.57	314.39	213.472
4.58	315.057	213.701
4.59	315.724	213.93
4.6	316.39	214.158
4.61	317.057	214.384
4.62	317.723	214.61
4.63	318.39	214.835
4.64	319.056	215.058
4.65	319.722	215.281
4.66	320.388	215.503
4.67	321.054	215.723
4.68	321.72	215.943
4.69	322.386	216.162
4.7	323.052	216.379
4.71	323.717	216.596
4.72	324.383	216.811
4.73	325.049	217.026
4.74	325.714	217.239
4.75	326.379	217.452
4.76	327.045	217.664
4.77	327.71	217.874
4.78	328.375	218.084
4.79	329.04	218.292
4.8	329.705	218.5
4.81	330.37	218.706
4.82	331.035	218.912
4.83	331.699	219.116
4.84	332.364	219.32
4.85	333.028	219.522
4.86	333.693	219.724
4.87	334.357	219.924
4.88	335.022	220.124
4.89	335.686	220.322
4.9	336.35	220.52
4.91	337.014	220.716
4.92	337.678	220.912
4.93	338.342	221.106
4.94	339.006	221.3
4.95	339.67	221.492
4.96	340.333	221.683
4.97	340.997	221.874
4.98	341.66	222.063
4.99	342.324	222.252
5	342.987	222.439
5.01	343.65	222.626
5.02	344.313	222.811
5.03	344.976	222.995
5.04	345.639	223.179
5.05	346.302	223.361
5.06	346.965	223.543
5.07	347.628	223.723
5.08	348.291	223.902
5.09	348.953	224.081
5.1	349.616	224.258
5.11	350.278	224.435
5.12	350.941	224.61
5.13	351.603	224.784
5.14	352.265	224.958
5.15	352.927	225.13
5.16	353.589	225.302
5.17	354.251	225.472
5.18	354.913	225.641
5.19	355.575	225.81
5.2	356.237	225.977
5.21	356.898	226.143
5.22	357.56	226.309
5.23	358.221	226.473
5.24	358.883	226.637
5.25	359.544	226.799
5.26	360.205	226.96
5.27	360.866	227.121
5.28	361.528	227.28
5.29	362.189	227.438
5.3	362.849	227.596
5.31	363.51	227.752
5.32	364.171	227.907
5.33	364.832	228.062
5.34	365.492	228.215
5.35	366.153	228.368
5.36	366.813	228.519
5.37	367.474	228.669
5.38	368.134	228.819
5.39	368.794	228.967
5.4	369.454	229.114
5.41	370.114	229.261
5.42	370.774	229.406
5.43	371.434	229.551
5.44	372.094	229.694
5.45	372.754	229.836
5.46	373.413	229.978
5.47	374.073	230.118
5.48	374.732	230.257
5.49	375.392	230.396
5.5	376.051	230.533
5.51	376.71	230.67
5.52	377.369	230.805
5.53	378.028	230.939
5.54	378.687	231.073
5.55	379.346	231.205
5.56	380.005	231.337
5.57	380.664	231.467
5.58	381.323	231.596
5.59	381.981	231.725
5.6	382.64	231.852
5.61	383.298	231.979
5.62	383.956	232.104
5.63	384.615	232.229
5.64	385.273	232.352
5.65	385.931	232.474
5.66	386.589	232.596
5.67	387.247	232.716
5.68	387.905	232.836
5.69	388.563	232.954
5.7	389.22	233.072
5.71	389.878	233.188
5.72	390.536	233.304
5.73	391.193	233.418
5.74	391.851	233.532
5.75	392.508	233.644
5.76	393.165	233.756
5.77	393.822	233.866
5.78	394.479	233.976
5.79	395.136	234.084
5.8	395.793	234.192
5.81	396.45	234.298
5.82	397.107	234.404
5.83	397.764	234.508
5.84	398.42	234.612
5.85	399.077	234.714
5.86	399.733	234.816
5.87	400.39	234.916
5.88	401.046	235.016
5.89	401.702	235.115
5.9	402.358	235.212
5.91	403.014	235.309
5.92	403.67	235.404
5.93	404.326	235.499
5.94	404.982	235.593
5.95	405.638	235.685
5.96	406.293	235.777
5.97	406.949	235.867
5.98	407.604	235.957
5.99	408.26	236.046
6	408.915	236.133
6.01	409.57	236.22
6.02	410.226	236.306
6.03	410.881	236.39
6.04	411.536	236.474
6.05	412.191	236.557
6.06	412.846	236.639
6.07	413.5	236.719
6.08	414.155	236.799
6.09	414.81	236.878
6.1	415.464	236.955
6.11	416.119	237.032
6.12	416.773	237.108
6.13	417.427	237.183
6.14	418.082	237.257
6.15	418.736	237.329
6.16	419.39	237.401
6.17	420.044	237.472
6.18	420.698	237.542
6.19	421.352	237.611
6.2	422.006	237.679
6.21	422.659	237.745
6.22	423.313	237.811
6.23	423.966	237.876
6.24	424.62	237.94
6.25	425.273	238.003
6.26	425.926	238.065
6.27	426.58	238.126
6.28	427.233	238.186
6.29	427.886	238.245
6.3	428.539	238.303
6.31	429.192	238.36
6.32	429.845	238.416
6.33	430.497	238.471
6.34	431.15	238.525
6.35	431.803	238.578
6.36	432.455	238.63
6.37	433.107	238.681
6.38	433.76	238.731
6.39	434.412	238.78
6.4	435.064	238.828
6.41	435.716	238.875
6.42	436.368	238.921
6.43	437.02	238.966
6.44	437.672	239.011
6.45	438.324	239.054
6.46	438.976	239.096
6.47	439.627	239.137
6.48	440.279	239.177
6.49	440.931	239.217
6.5	441.582	239.255
6.51	442.233	239.292
6.52	442.885	239.328
6.53	443.536	239.364
6.54	444.187	239.398
6.55	444.838	239.431
6.56	445.489	239.464
6.57	446.14	239.495
6.58	446.79	239.525
6.59	447.441	239.555
6.6	448.092	239.583
6.61	448.742	239.61
6.62	449.393	239.637
6.63	450.043	239.662
6.64	450.693	239.687
6.65	451.344	239.71
6.66	451.994	239.733
6.67	452.644	239.754
6.68	453.294	239.775
6.69	453.944	239.794
6.7	454.594	239.813
6.71	455.243	239.83
6.72	455.893	239.847
6.73	456.543	239.862
6.74	457.192	239.877
6.75	457.842	239.891
6.76	458.491	239.903
6.77	459.14	239.915
6.78	459.79	239.926
6.79	460.439	239.935
6.8	461.088	239.944
6.81	461.737	239.952
6.82	462.386	239.959
6.83	463.035	239.964
6.84	463.683	239.969
6.85	464.332	239.973
6.86	464.981	239.976
6.87	465.629	239.978
6.88	466.278	239.978
6.89	466.926	239.978
6.9	467.574	239.977
6.91	468.222	239.975
6.92	468.871	239.972
6.93	469.519	239.968
6.94	470.167	239.963
6.95	470.815	239.957
6.96	471.462	239.95
6.97	472.11	239.942
6.98	472.758	239.933
6.99	473.405	239.923
7	474.053	239.912
7.01	474.7	239.901
7.02	475.348	239.888
7.03	475.995	239.874
7.04	476.642	239.859
7.05	477.289	239.843
7.06	477.936	239.826
7.07	478.583	239.809
7.08	479.23	239.79
7.09	479.877	239.77
7.1	480.524	239.75
7.11	481.17	239.728
7.12	481.817	239.705
7.13	482.463	239.682
7.14	483.11	239.657
7.15	483.756	239.631
7.16	484.402	239.605
7.17	485.049	239.577
7.18	485.695	239.549
7.19	486.341	239.519
7.2	486.987	239.489
7.21	487.633	239.457
7.22	488.278	239.425
7.23	488.924	239.392
7.24	489.57	239.357
7.25	490.215	239.322
7.26	490.861	239.286
7.27	491.506	239.248
7.28	492.152	239.21
7.29	492.797	239.171
7.3	493.442	239.13
7.31	494.087	239.089
7.32	494.732	239.047
7.33	495.377	239.004
7.34	496.022	238.96
7.35	496.667	238.915
7.36	497.311	238.869
7.37	497.956	238.821
7.38	498.601	238.773
7.39	499.245	238.724
7.4	499.889	238.674
7.41	500.534	238.623
7.42	501.178	238.572
7.43	501.822	238.519
7.44	502.466	238.465
7.45	503.11	238.41
7.46	503.754	238.354
7.47	504.398	238.297
7.48	505.042	238.239
7.49	505.686	238.181
7.5	506.329	238.121
7.51	506.973	238.06
7.52	507.616	237.999
7.53	508.26	237.936
7.54	508.903	237.872
7.55	509.546	237.808
7.56	510.189	237.742
7.57	510.833	237.676
7.58	511.476	237.608
7.59	512.118	237.539
7.6	512.761	237.47
7.61	513.404	237.4
7.62	514.047	237.328
7.63	514.689	237.256
7.64	515.332	237.182
7.65	515.974	237.108
7.66	516.617	237.033
7.67	517.259	236.957
7.68	517.901	236.879
7.69	518.544	236.801
7.7	519.186	236.722
7.71	519.828	236.642
7.72	520.47	236.561
7.73	521.111	236.478
7.74	521.753	236.395
7.75	522.395	236.311
7.76	523.037	236.226
7.77	523.678	236.14
7.78	524.32	236.053
7.79	524.961	235.965
7.8	525.602	235.877
7.81	526.243	235.787
7.82	526.885	235.696
7.83	527.526	235.604
7.84	528.167	235.511
7.85	528.808	235.418
7.86	529.449	235.323
7.87	530.089	235.227
7.88	530.73	235.131
7.89	531.371	235.033
7.9	532.011	234.934
7.91	532.652	234.835
7.92	533.292	234.734
7.93	533.932	234.633
7.94	534.573	234.53
7.95	535.213	234.427
7.96	535.853	234.322
7.97	536.493	234.217
7.98	537.133	234.111
7.99	537.773	234.003
8	538.412	233.895
8.01	539.052	233.786
8.02	539.692	233.676
8.03	540.331	233.564
8.04	540.971	233.452
8.05	541.61	233.339
8.06	542.249	233.225
8.07	542.889	233.11
8.08	543.528	232.994
8.09	544.167	232.877
8.1	544.806	232.759
8.11	545.445	232.64
8.12	546.084	232.52
8.13	546.722	232.399
8.14	547.361	232.278
8.15	548	232.155
8.16	548.638	232.031
8.17	549.277	231.906
8.18	549.915	231.781
8.19	550.553	231.654
8.2	551.191	231.526
8.21	551.83	231.398
8.22	552.468	231.268
8.23	553.106	231.138
8.24	553.744	231.006
8.25	554.381	230.874
8.26	555.019	230.74
8.27	555.657	230.606
8.28	556.295	230.471
8.29	556.932	230.334
8.3	557.57	230.197
8.31	558.207	230.059
8.32	558.844	229.92
8.33	559.481	229.78
8.34	560.119	229.638
8.35	560.756	229.496
8.36	561.393	229.353
8.37	562.03	229.209
8.38	562.666	229.064
8.39	563.303	228.918
8.4	563.94	228.772
8.41	564.576	228.624
8.42	565.213	228.475
8.43	565.849	228.325
8.44	566.486	228.174
8.45	567.122	228.023
8.46	567.758	227.87
8.47	568.395	227.716
8.48	569.031	227.562
8.49	569.667	227.406
8.5	570.303	227.25
8.51	570.938	227.092
8.52	571.574	226.934
8.53	572.21	226.774
8.54	572.845	226.614
8.55	573.481	226.452
8.56	574.116	226.29
8.57	574.752	226.127
8.58	575.387	225.963
8.59	576.022	225.798
8.6	576.657	225.631
8.61	577.293	225.464
8.62	577.928	225.296
8.63	578.562	225.127
8.64	579.197	224.957
8.65	579.832	224.786
8.66	580.467	224.614
8.67	581.101	224.442
8.68	581.736	224.268
8.69	582.37	224.093
8.7	583.005	223.917
8.71	583.639	223.74
8.72	584.273	223.563
8.73	584.907	223.384
8.74	585.541	223.205
8.75	586.175	223.024
8.76	586.809	222.843
8.77	587.443	222.66
8.78	588.077	222.477
8.79	588.711	222.292
8.8	589.344	222.107
8.81	589.978	221.921
8.82	590.611	221.733
8.83	591.245	221.545
8.84	591.878	221.356
8.85	592.511	221.166
8.86	593.144	220.975
8.87	593.777	220.783
8.88	594.41	220.59
8.89	595.043	220.396
8.9	595.676	220.201
8.91	596.309	220.005
8.92	596.941	219.808
8.93	597.574	219.61
8.94	598.207	219.412
8.95	598.839	219.212
8.96	599.471	219.011
8.97	600.104	218.81
8.98	600.736	218.607
8.99	601.368	218.404
9	602	218.199
9.01	602.632	217.994
9.02	603.264	217.787
9.03	603.896	217.58
9.04	604.528	217.372
9.05	605.159	217.162
9.06	605.791	216.952
9.07	606.423	216.741
9.08	607.054	216.529
9.09	607.685	216.316
9.1	608.317	216.102
9.11	608.948	215.887
9.12	609.579	215.671
9.13	610.21	215.454
9.14	610.841	215.236
9.15	611.472	215.017
9.16	612.103	214.798
9.17	612.734	214.577
9.18	613.364	214.355
9.19	613.995	214.132
9.2	614.625	213.909
9.21	615.256	213.684
9.22	615.886	213.459
9.23	616.516	213.232
9.24	617.147	213.005
9.25	617.777	212.777
9.26	618.407	212.547
9.27	619.037	212.317
9.28	619.667	212.086
9.29	620.297	211.854
9.3	620.926	211.621
9.31	621.556	211.387
9.32	622.186	211.152
9.33	622.815	210.916
9.34	623.445	210.679
9.35	624.074	210.441
9.36	624.703	210.202
9.37	625.333	209.962
9.38	625.962	209.722
9.39	626.591	209.48
9.4	627.22	209.237
9.41	627.849	208.994
9.42	628.477	208.749
9.43	629.106	208.504
9.44	629.735	208.257
9.45	630.363	208.01
9.46	630.992	207.762
9.47	631.62	207.512
9.48	632.249	207.262
9.49	632.877	207.011
9.5	633.505	206.759
9.51	634.133	206.506
9.52	634.762	206.252
9.53	635.389	205.997
9.54	636.017	205.741
9.55	636.645	205.484
9.56	637.273	205.226
9.57	637.901	204.967
9.58	638.528	204.707
9.59	639.156	204.447
9.6	639.783	204.185
9.61	640.411	203.923
9.62	641.038	203.659
9.63	641.665	203.395
9.64	642.292	203.129
9.65	642.919	202.863
9.66	643.546	202.595
9.67	644.173	202.327
9.68	644.8	202.058
9.69	645.427	201.788
9.7	646.053	201.517
9.71	646.68	201.245
9.72	647.306	200.972
9.73	647.933	200.698
9.74	648.559	200.423
9.75	649.186	200.147
9.76	649.812	199.87
9.77	650.438	199.592
9.78	651.064	199.314
9.79	651.69	199.034
9.8	652.316	198.754
9.81	652.942	198.472
9.82	653.567	198.19
9.83	654.193	197.906
9.84	654.819	197.622
9.85	655.444	197.336
9.86	656.07	197.05
9.87	656.695	196.763
9.88	657.32	196.475
9.89	657.945	196.186
9.9	658.571	195.896
9.91	659.196	195.605
9.92	659.821	195.313
9.93	660.445	195.02
9.94	661.07	194.726
9.95	661.695	194.431
9.96	662.32	194.136
9.97	662.944	193.839
9.98	663.569	193.541
9.99	664.193	193.243
10	664.818	192.943
10.01	665.442	192.643
10.02	666.066	192.342
10.03	666.69	192.039
10.04	667.314	191.736
10.05	667.938	191.432
10.06	668.562	191.127
10.07	669.186	190.821
10.08	669.81	190.514
10.09	670.433	190.206
10.1	671.057	189.897
10.11	671.68	189.587
10.12	672.304	189.276
10.13	672.927	188.964
10.14	673.55	188.652
10.15	674.174	188.338
10.16	674.797	188.023
10.17	675.42	187.708
10.18	676.043	187.391
10.19	676.666	187.074
10.2	677.288	186.756
10.21	677.911	186.436
10.22	678.534	186.116
10.23	679.156	185.795
10.24	679.779	185.473
10.25	680.401	185.15
10.26	681.024	184.826
10.27	681.646	184.501
10.28	682.268	184.175
10.29	682.89	183.848
10.3	683.512	183.521
10.31	684.134	183.192
10.32	684.756	182.862
10.33	685.378	182.532
10.34	685.999	182.2
10.35	686.621	181.868
10.36	687.243	181.534
10.37	687.864	181.2
10.38	688.486	180.865
10.39	689.107	180.529
10.4	689.728	180.192
10.41	690.349	179.853
10.42	690.97	179.514
10.43	691.591	179.174
10.44	692.212	178.834
10.45	692.833	178.492
10.46	693.454	178.149
10.47	694.075	177.805
10.48	694.695	177.461
10.49	695.316	177.115
10.5	695.936	176.769
10.51	696.557	176.421
10.52	697.177	176.073
10.53	697.797	175.723
10.54	698.417	175.373
10.55	699.038	175.022
10.56	699.658	174.67
10.57	700.278	174.317
10.58	700.897	173.963
10.59	701.517	173.608
10.6	702.137	173.252
10.61	702.756	172.895
10.62	703.376	172.537
10.63	703.995	172.179
10.64	704.615	171.819
10.65	705.234	171.458
10.66	705.853	171.097
10.67	706.473	170.734
10.68	707.092	170.371
10.69	707.711	170.007
10.7	708.33	169.641
10.71	708.948	169.275
10.72	709.567	168.908
10.73	710.186	168.54
10.74	710.804	168.171
10.75	711.423	167.801
10.76	712.041	167.43
10.77	712.66	167.059
10.78	713.278	166.686
10.79	713.896	166.312
10.8	714.515	165.938
10.81	715.133	165.562
10.82	715.751	165.186
10.83	716.368	164.808
10.84	716.986	164.43
10.85	717.604	164.051
10.86	718.222	163.67
10.87	718.839	163.289
10.88	719.457	162.907
10.89	720.074	162.524
10.9	720.692	162.14
10.91	721.309	161.755
10.92	721.926	161.37
10.93	722.543	160.983
10.94	723.16	160.595
10.95	723.777	160.207
10.96	724.394	159.817
10.97	725.011	159.427
10.98	725.628	159.035
10.99	726.244	158.643
11	726.861	158.25
11.01	727.478	157.856
11.02	728.094	157.461
11.03	728.71	157.065
11.04	729.327	156.668
11.05	729.943	156.27
11.06	730.559	155.871
11.07	731.175	155.471
11.08	731.791	155.07
11.09	732.407	154.669
11.1	733.023	154.266
11.11	733.638	153.863
11.12	734.254	153.458
11.13	734.87	153.053
11.14	735.485	152.647
11.15	736.1	152.24
11.16	736.716	151.831
11.17	737.331	151.422
11.18	737.946	151.012
11.19	738.561	150.601
11.2	739.176	150.19
11.21	739.791	149.777
11.22	740.406	149.363
11.23	741.021	148.949
11.24	741.636	148.533
11.25	742.25	148.116
11.26	742.865	147.699
11.27	743.479	147.281
11.28	744.094	146.861
11.29	744.708	146.441
11.3	745.322	146.02
11.31	745.936	145.598
11.32	746.551	145.175
11.33	747.165	144.751
11.34	747.779	144.326
11.35	748.392	143.901
11.36	749.006	143.474
11.37	749.62	143.046
11.38	750.233	142.618
11.39	750.847	142.188
11.4	751.46	141.758
11.41	752.074	141.327
11.42	752.687	140.894
11.43	753.3	140.461
11.44	753.913	140.027
11.45	754.527	139.592
11.46	755.14	139.156
11.47	755.752	138.719
11.48	756.365	138.282
11.49	756.978	137.843
11.5	757.591	137.403
11.51	758.203	136.963
11.52	758.816	136.521
11.53	759.428	136.079
11.54	760.041	135.635
11.55	760.653	135.191
11.56	761.265	134.746
11.57	761.877	134.3
11.58	762.489	133.853
11.59	763.101	133.405
11.6	763.713	132.956
11.61	764.325	132.506
11.62	764.937	132.055
11.63	765.548	131.604
11.64	766.16	131.151
11.65	766.771	130.698
11.66	767.383	130.243
11.67	767.994	129.788
11.68	768.605	129.332
11.69	769.217	128.874
11.7	769.828	128.416
11.71	770.439	127.957
11.72	771.05	127.497
11.73	771.661	127.036
11.74	772.271	126.575
11.75	772.882	126.112
11.76	773.493	125.648
11.77	774.103	125.184
11.78	774.714	124.718
11.79	775.324	124.252
11.8	775.935	123.785
11.81	776.545	123.316
11.82	777.155	122.847
11.83	777.765	122.377
11.84	778.375	121.906
11.85	778.985	121.434
11.86	779.595	120.961
11.87	780.205	120.487
11.88	780.814	120.013
11.89	781.424	119.537
11.9	782.033	119.061
11.91	782.643	118.583
11.92	783.252	118.105
11.93	783.862	117.626
11.94	784.471	117.145
11.95	785.08	116.664
11.96	785.689	116.182
11.97	786.298	115.699
11.98	786.907	115.215
11.99	787.516	114.731
12	788.124	114.245
12.01	788.733	113.758
12.02	789.342	113.271
12.03	789.95	112.782
12.04	790.559	112.293
12.05	791.167	111.803
12.06	791.775	111.311
12.07	792.383	110.819
12.08	792.992	110.326
12.09	793.6	109.832
12.1	794.208	109.337
12.11	794.815	108.841
12.12	795.423	108.345
12.13	796.031	107.847
12.14	796.639	107.349
12.15	797.246	106.849
12.16	797.854	106.349
12.17	798.461	105.847
12.18	799.068	105.345
12.19	799.676	104.842
12.2	800.283	104.338
12.21	800.89	103.833
12.22	801.497	103.327
12.23	802.104	102.82
12.24	802.711	102.313
12.25	803.317	101.804
12.26	803.924	101.294
12.27	804.531	100.784
12.28	805.137	100.273
12.29	805.744	99.7604
12.3	806.35	99.2472
12.31	806.956	98.7331
12.32	807.563	98.218
12.33	808.169	97.7021
12.34	808.775	97.1852
12.35	809.381	96.6675
12.36	809.987	96.1488
12.37	810.593	95.6292
12.38	811.198	95.1087
12.39	811.804	94.5873
12.4	812.41	94.065
12.41	813.015	93.5417
12.42	813.621	93.0176
12.43	814.226	92.4925
12.44	814.831	91.9665
12.45	815.436	91.4396
12.46	816.041	90.9118
12.47	816.647	90.3831
12.48	817.251	89.8535
12.49	817.856	89.3229
12.5	818.461	88.7915
12.51	819.066	88.2591
12.52	819.67	87.7258
12.53	820.275	87.1917
12.54	820.88	86.6566
12.55	821.484	86.1206
12.56	822.088	85.5836
12.57	822.692	85.0458
12.58	823.297	84.5071
12.59	823.901	83.9674
12.6	824.505	83.4269
12.61	825.109	82.8854
12.62	825.713	82.343
12.63	826.316	81.7997
12.64	826.92	81.2555
12.65	827.524	80.7104
12.66	828.127	80.1644
12.67	828.731	79.6175
12.68	829.334	79.0697
12.69	829.937	78.5209
12.7	830.54	77.9713
12.71	831.144	77.4207
12.72	831.747	76.8692
12.73	832.35	76.3169
12.74	832.952	75.7636
12.75	833.555	75.2094
12.76	834.158	74.6543
12.77	834.761	74.0983
12.78	835.363	73.5414
12.79	835.966	72.9835
12.8	836.568	72.4248
12.81	837.17	71.8652
12.82	837.773	71.3046
12.83	838.375	70.7432
12.84	838.977	70.1808
12.85	839.579	69.6176
12.86	840.181	69.0534
12.87	840.783	68.4883
12.88	841.385	67.9223
12.89	841.986	67.3554
12.9	842.588	66.7876
12.91	843.189	66.2189
12.92	843.791	65.6493
12.93	844.392	65.0788
12.94	844.994	64.5074
12.95	845.595	63.9351
12.96	846.196	63.3618
12.97	846.797	62.7877
12.98	847.398	62.2127
12.99	847.999	61.6367
13	848.6	61.0599
13.01	849.2	60.4821
13.02	849.801	59.9035
13.03	850.402	59.3239
13.04	851.002	58.7434
13.05	851.603	58.1621
13.06	852.203	57.5798
13.07	852.803	56.9966
13.08	853.403	56.4126
13.09	854.004	55.8276
13.1	854.604	55.2417
13.11	855.204	54.6549
13.12	855.803	54.0672
13.13	856.403	53.4786
13.14	857.003	52.8891
13.15	857.603	52.2987
13.16	858.202	51.7074
13.17	858.802	51.1152
13.18	859.401	50.5221
13.19	860	49.9281
13.2	860.599	49.3332
13.21	861.199	48.7374
13.22	861.798	48.1407
13.23	862.397	47.543
13.24	862.996	46.9445
13.25	863.594	46.3451
13.26	864.193	45.7448
13.27	864.792	45.1436
13.28	865.39	44.5415
13.29	865.989	43.9384
13.3	866.587	43.3345
13.31	867.186	42.7297
13.32	867.784	42.124
13.33	868.382	41.5174
13.34	868.98	40.9098
13.35	869.578	40.3014
13.36	870.176	39.6921
13.37	870.774	39.0819
13.38	871.372	38.4708
13.39	871.97	37.8588
13.4	872.567	37.2458
13.41	873.165	36.632
13.42	873.762	36.0173
13.43	874.36	35.4017
13.44	874.957	34.7852
13.45	875.554	34.1678
13.46	876.151	33.5495
13.47	876.748	32.9303
13.48	877.345	32.3102
13.49	877.942	31.6892
13.5	878.539	31.0673
13.51	879.136	30.4445
13.52	879.733	29.8208
13.53	880.329	29.1962
13.54	880.926	28.5707
13.55	881.522	27.9443
13.56	882.118	27.317
13.57	882.715	26.6889
13.58	883.311	26.0598
13.59	883.907	25.4298
13.6	884.503	24.799
13.61	885.099	24.1672
13.62	885.695	23.5345
13.63	886.291	22.901
13.64	886.886	22.2665
13.65	887.482	21.6312
13.66	888.077	20.995
13.67	888.673	20.3578
13.68	889.268	19.7198
13.69	889.864	19.0809
13.7	890.459	18.4411
13.71	891.054	17.8003
13.72	891.649	17.1587
13.73	892.244	16.5162
13.74	892.839	15.8728
13.75	893.434	15.2285
13.76	894.028	14.5834
13.77	894.623	13.9373
13.78	895.218	13.2903
13.79	895.812	12.6425
13.8	896.407	11.9937
13.81	897.001	11.344
13.82	897.595	10.6935
13.83	898.189	10.0421
13.84	898.783	9.38973
13.85	899.378	8.73651
13.86	899.971	8.08239
13.87	900.565	7.42739
13.88	901.159	6.77149
13.89	901.753	6.1147
13.9	902.346	5.45701
13.91	902.94	4.79844
13.92	903.533	4.13897
13.93	904.127	3.47861
13.94	904.72	2.81736
13.95	905.313	2.15522
13.96	905.906	1.49219
13.97	906.499	0.82827
13.98	907.092	0.163457
13.99	907.685	-0.502246
